NEAT_GENOME
id 2664523
fitness 0.330213
nodes 3306
51571 1 0
35341 1 0
8725 1 0
66 0 0
31068 1 0
12212 1 0
27473 1 0
52281 1 0
21371 1 0
158 0 0
27125 1 0
37299 1 0
52632 1 0
42458 1 0
75208 1 0
17540 1 0
68410 1 0
57 0 0
47197 1 0
75102 1 0
17400 1 0
53009 1 0
75068 1 0
29285 1 0
28629 1 0
43890 1 0
26272 1 0
11011 1 0
5886 1 0
28066 1 0
73849 1 0
60227 1 0
46085 1 0
52876 1 0
19878 1 0
36 0 0
14731 1 0
76013 1 0
10017 1 0
24926 1 0
75796 1 0
74751 1 0
51181 1 0
27611 1 0
34682 1 0
54379 1 0
11953 1 0
168 2 0
21264 1 0
33049 1 0
51 0 0
64302 1 0
33780 1 0
10091 1 0
52510 1 0
64295 1 0
30539 1 0
17 0 0
28782 1 0
49130 1 0
5621 1 0
33554 1 0
60454 1 0
18028 1 0
66830 1 0
29118 1 0
74901 1 0
3306 1 0
28741 1 0
51196 1 0
65338 1 0
34816 1 0
58105 1 0
21100 1 0
67 0 0
25994 1 0
21280 1 0
67725 1 0
21942 1 0
32370 1 0
44451 1 0
54625 1 0
32666 1 0
27579 1 0
7231 1 0
32293 1 0
29936 1 0
60908 1 0
54668 1 0
66453 1 0
61739 1 0
457 1 0
33727 1 0
84 0 0
22436 1 0
69899 1 0
27374 1 0
33782 1 0
8 0 0
47148 1 0
35363 1 0
72 0 0
5159 1 0
70782 1 0
35173 1 0
56640 1 0
21031 1 0
51553 1 0
16961 1 0
61744 1 0
54916 1 0
57273 1 0
14579 1 0
9865 1 0
35300 1 0
38627 1 0
26428 1 0
47743 1 0
47426 1 0
43023 1 0
59522 1 0
39726 1 0
51139 1 0
5356 1 0
34166 1 0
39017 1 0
20161 1 0
44373 1 0
60872 1 0
34945 1 0
31658 1 0
23673 1 0
103 0 0
19579 1 0
73790 1 0
24293 1 0
62259 1 0
37984 1 0
62870 1 0
37435 1 0
46371 1 0
8216 1 0
48912 1 0
24715 1 0
60070 1 0
31254 1 0
57181 1 0
31746 1 0
74842 1 0
32416 1 0
42397 1 0
68324 1 0
22541 1 0
63752 1 0
113 0 0
60366 1 0
50816 1 0
67315 1 0
31706 1 0
27984 1 0
38158 1 0
28316 1 0
32 0 0
25959 1 0
3443 1 0
36441 1 0
27244 1 0
54150 1 0
56507 1 0
21152 1 0
23509 1 0
23407 1 0
164 0 0
56121 1 0
65549 1 0
60444 1 0
29922 1 0
36874 1 0
47800 1 0
33658 1 0
43832 1 0
4380 1 0
39193 1 0
20129 1 0
8344 1 0
50770 1 0
28747 1 0
66459 1 0
46111 1 0
36683 1 0
67324 1 0
22269 1 0
27356 1 0
12841 1 0
29881 1 0
39656 1 0
21754 1 0
38253 1 0
45040 1 0
34799 1 0
27728 1 0
12211 1 0
39012 1 0
60645 1 0
75906 1 0
9910 1 0
10740 1 0
24882 1 0
54999 1 0
73855 1 0
63681 1 0
42 0 0
20390 1 0
58422 1 0
57313 1 0
11560 1 0
52256 1 0
36995 1 0
53986 1 0
21630 1 0
52271 1 0
67532 1 0
73342 1 0
148 0 0
35757 1 0
25106 1 0
15548 1 0
74473 1 0
32047 1 0
13191 1 0
69798 1 0
24015 1 0
1445 1 0
19256 1 0
24343 1 0
33450 1 0
53217 1 0
9917 1 0
76048 1 0
45272 1 0
51663 1 0
36402 1 0
62100 1 0
55029 1 0
22995 1 0
72492 1 0
32423 1 0
59785 1 0
69959 1 0
39437 1 0
31911 1 0
52982 1 0
27547 1 0
27097 1 0
17116 1 0
50117 1 0
55204 1 0
61665 1 0
20969 1 0
10795 1 0
66752 1 0
24748 1 0
32511 1 0
37598 1 0
12163 1 0
13658 1 0
42918 1 0
51790 1 0
52899 1 0
66607 1 0
25574 1 0
10313 1 0
15400 1 0
139 0 0
5226 1 0
47059 1 0
62320 1 0
58844 1 0
43885 1 0
67316 1 0
21533 1 0
46103 1 0
35929 1 0
30842 1 0
35116 1 0
29571 1 0
22908 1 0
61579 1 0
10709 1 0
10155 1 0
55938 1 0
29008 1 0
54935 1 0
14239 1 0
11684 1 0
32032 1 0
52214 1 0
13543 1 0
64413 1 0
4226 1 0
29661 1 0
26406 1 0
62545 1 0
24668 1 0
55190 1 0
70451 1 0
65364 1 0
18593 1 0
54202 1 0
62374 1 0
72548 1 0
1572 1 0
47355 1 0
21920 1 0
54804 1 0
64978 1 0
14357 1 0
53076 1 0
12380 1 0
68337 1 0
33758 1 0
37941 1 0
68463 1 0
67354 1 0
62267 1 0
163 0 0
25598 1 0
4877 1 0
45573 1 0
38032 1 0
64027 1 0
57373 1 0
29648 1 0
24561 1 0
50861 1 0
45774 1 0
35438 1 0
28367 1 0
83 0 0
35692 1 0
29663 1 0
15053 1 0
25227 1 0
18380 1 0
20259 1 0
55868 1 0
63655 1 0
23586 1 0
38847 1 0
29421 1 0
59943 1 0
3986 1 0
18331 1 0
33592 1 0
6662 1 0
37184 1 0
50092 1 0
31233 1 0
61755 1 0
80 0 0
59894 1 0
34459 1 0
14111 1 0
27733 1 0
22646 1 0
53168 1 0
65367 1 0
46216 1 0
64788 1 0
19005 1 0
8081 1 0
67006 1 0
25659 1 0
7913 1 0
66281 1 0
150 0 0
33950 1 0
64472 1 0
13602 1 0
72765 1 0
26982 1 0
62470 1 0
31948 1 0
36867 1 0
51284 1 0
61458 1 0
6030 1 0
51813 1 0
120 0 0
35729 1 0
66251 1 0
56077 1 0
37085 1 0
39442 1 0
3833 1 0
3957 1 0
27527 1 0
22440 1 0
53315 1 0
29745 1 0
45006 1 0
61794 1 0
32951 1 0
63473 1 0
43125 1 0
55324 1 0
60392 1 0
4516 1 0
50299 1 0
37514 1 0
25188 1 0
36973 1 0
57321 1 0
18120 1 0
43098 1 0
2402 1 0
10375 1 0
201 2 0
30723 1 0
71419 1 0
57872 1 0
51432 1 0
85 0 0
74725 1 0
34029 1 0
24820 1 0
29907 1 0
65516 1 0
47651 1 0
55414 1 0
22333 1 0
73203 1 0
50058 1 0
29710 1 0
27317 1 0
38407 1 0
35080 1 0
32862 1 0
68471 1 0
2340 1 0
57381 1 0
32592 1 0
68201 1 0
55634 1 0
13492 1 0
184 2 0
73665 1 0
12621 1 0
3511 1 0
64793 1 0
8836 1 0
9232 1 0
29580 1 0
55015 1 0
70541 1 0
68580 1 0
67471 1 0
51760 1 0
43722 1 0
25792 1 0
9157 1 0
66825 1 0
0 0 0
50870 1 0
76305 1 0
22094 1 0
22180 1 0
46128 1 0
30867 1 0
20621 1 0
30795 1 0
43066 1 0
40345 1 0
12213 1 0
47822 1 0
68170 1 0
45483 1 0
7085 1 0
68129 1 0
14 0 0
135 0 0
7898 1 0
33333 1 0
21206 1 0
23549 1 0
74828 1 0
43776 1 0
67416 1 0
1285 1 0
26383 1 0
21947 1 0
13127 1 0
69695 1 0
54434 1 0
30615 1 0
93 0 0
68132 1 0
9355 1 0
34790 1 0
61641 1 0
29317 1 0
3390 1 0
63 0 0
54595 1 0
44421 1 0
38730 1 0
12114 1 0
74975 1 0
6217 1 0
62174 1 0
69430 1 0
36640 1 0
176 2 0
49975 1 0
46639 1 0
37350 1 0
61 0 0
20409 1 0
61975 1 0
9273 1 0
29621 1 0
55056 1 0
27331 1 0
17350 1 0
22437 1 0
8408 1 0
37384 1 0
12294 1 0
5223 1 0
136 0 0
44425 1 0
49512 1 0
65 0 0
45848 1 0
56938 1 0
62483 1 0
70973 1 0
21405 1 0
72275 1 0
62101 1 0
192 2 0
39059 1 0
72057 1 0
67343 1 0
46995 1 0
36821 1 0
25201 1 0
48771 1 0
30617 1 0
95 0 0
21189 1 0
51711 1 0
212 2 0
33210 1 0
63851 1 0
28242 1 0
46716 1 0
30081 1 0
67120 1 0
18709 1 0
8535 1 0
153 0 0
23723 1 0
33552 1 0
38639 1 0
52827 1 0
74048 1 0
63874 1 0
29883 1 0
72309 1 0
66880 1 0
10312 1 0
138 0 0
41585 1 0
70365 1 0
65278 1 0
15305 1 0
44 0 0
29447 1 0
61696 1 0
49911 1 0
18026 1 0
6241 1 0
29811 1 0
58499 1 0
60717 1 0
98 0 0
71316 1 0
63983 1 0
26277 1 0
56799 1 0
46896 1 0
63395 1 0
64904 1 0
43691 1 0
8082 1 0
4314 1 0
51454 1 0
29202 1 0
49550 1 0
3767 1 0
37037 1 0
38046 1 0
7524 1 0
14476 1 0
31247 1 0
29923 1 0
20713 1 0
72567 1 0
74924 1 0
13880 1 0
70448 1 0
29752 1 0
40409 1 0
23910 1 0
69693 1 0
204 2 0
25639 1 0
20552 1 0
9632 1 0
7275 1 0
20285 1 0
55894 1 0
25193 1 0
12487 1 0
66278 1 0
147 0 0
37994 1 0
56425 1 0
68210 1 0
35313 1 0
25885 1 0
56526 1 0
63950 1 0
16810 1 0
14453 1 0
51174 1 0
30826 1 0
13462 1 0
49644 1 0
8948 1 0
29296 1 0
61429 1 0
20733 1 0
52208 1 0
7425 1 0
61525 1 0
67629 1 0
26933 1 0
39345 1 0
34258 1 0
24084 1 0
12699 1 0
4936 1 0
59608 1 0
54521 1 0
21896 1 0
21515 1 0
11341 1 0
51180 1 0
34823 1 0
38406 1 0
2797 1 0
21771 1 0
69760 1 0
30945 1 0
22816 1 0
6317 1 0
51100 1 0
22080 1 0
59792 1 0
27639 1 0
4069 1 0
34010 1 0
66385 1 0
5341 1 0
40458 1 0
19862 1 0
65645 1 0
17505 1 0
38 0 0
66169 1 0
35393 1 0
9958 1 0
45710 1 0
10355 1 0
181 2 0
37839 1 0
21340 1 0
127 0 0
71160 1 0
40519 1 0
45606 1 0
60481 1 0
66819 1 0
46471 1 0
27615 1 0
2180 1 0
54706 1 0
60967 1 0
70395 1 0
63652 1 0
39254 1 0
22280 1 0
37541 1 0
12852 1 0
28934 1 0
19506 1 0
29074 1 0
3639 1 0
45071 1 0
72987 1 0
9348 1 0
65305 1 0
65990 1 0
35349 1 0
50508 1 0
1062 1 0
34411 1 0
39125 1 0
17912 1 0
46196 1 0
36768 1 0
62839 1 0
22143 1 0
34005 1 0
20734 1 0
13663 1 0
18655 1 0
72866 1 0
9227 1 0
75358 1 0
30130 1 0
44970 1 0
187 2 0
15791 1 0
20878 1 0
18009 1 0
58705 1 0
65776 1 0
60689 1 0
37326 1 0
20827 1 0
48176 1 0
53860 1 0
33512 1 0
51503 1 0
20278 1 0
45713 1 0
41491 1 0
43848 1 0
13326 1 0
34770 1 0
9335 1 0
53626 1 0
53164 1 0
27033 1 0
47381 1 0
43967 1 0
18040 1 0
33729 1 0
68588 1 0
22805 1 0
27221 1 0
34292 1 0
23975 1 0
61609 1 0
36174 1 0
42627 1 0
74504 1 0
53165 1 0
39023 1 0
55 0 0
8985 1 0
20770 1 0
9793 1 0
5079 1 0
10166 1 0
54557 1 0
12548 1 0
71 0 0
54282 1 0
4785 1 0
9872 1 0
33561 1 0
35918 1 0
66440 1 0
42870 1 0
54655 1 0
22344 1 0
65930 1 0
54145 1 0
8072 1 0
55212 1 0
53589 1 0
31013 1 0
21585 1 0
68018 1 0
51519 1 0
34812 1 0
39899 1 0
68183 1 0
7139 1 0
32828 1 0
50988 1 0
118 0 0
65130 1 0
29521 1 0
27418 1 0
68534 1 0
21401 1 0
188 2 0
38778 1 0
26857 1 0
32827 1 0
7392 1 0
4802 1 0
63727 1 0
14230 1 0
38110 1 0
61680 1 0
20312 1 0
65095 1 0
43882 1 0
12101 1 0
27519 1 0
62709 1 0
8498 1 0
54281 1 0
43853 1 0
60590 1 0
4022 1 0
69639 1 0
34030 1 0
34284 1 0
18880 1 0
54489 1 0
24 0 0
70 0 0
50940 1 0
75494 1 0
44972 1 0
64404 1 0
54230 1 0
24335 1 0
2155 1 0
75219 1 0
21008 1 0
8433 1 0
20093 1 0
30872 1 0
14373 1 0
2401 1 0
50027 1 0
28814 1 0
40599 1 0
66526 1 0
51876 1 0
22 0 0
4782 1 0
60490 1 0
25852 1 0
37637 1 0
67151 1 0
44657 1 0
2231 1 0
45482 1 0
25134 1 0
75139 1 0
3921 1 0
29356 1 0
30054 1 0
34490 1 0
2341 1 0
37696 1 0
14126 1 0
36993 1 0
75927 1 0
52357 1 0
42183 1 0
64556 1 0
58960 1 0
35 0 0
21900 1 0
17186 1 0
154 0 0
9582 1 0
19756 1 0
75371 1 0
17759 1 0
15 0 0
40711 1 0
41512 1 0
13228 1 0
44055 1 0
64017 1 0
60826 1 0
29448 1 0
72699 1 0
50779 1 0
66305 1 0
174 2 0
12547 1 0
38479 1 0
43566 1 0
66763 1 0
71850 1 0
26067 1 0
65654 1 0
41464 1 0
66899 1 0
31290 1 0
22608 1 0
53130 1 0
36631 1 0
70559 1 0
29863 1 0
19689 1 0
45124 1 0
52815 1 0
38735 1 0
29300 1 0
50513 1 0
54762 1 0
19407 1 0
14320 1 0
33176 1 0
2535 1 0
178 2 0
18298 1 0
44225 1 0
63498 1 0
44642 1 0
11644 1 0
67601 1 0
37571 1 0
65855 1 0
34603 1 0
13390 1 0
82 0 0
20430 1 0
54293 1 0
9187 1 0
61041 1 0
44027 1 0
67597 1 0
64063 1 0
56489 1 0
19258 1 0
31043 1 0
29924 1 0
67636 1 0
52375 1 0
35876 1 0
45304 1 0
27015 1 0
3445 1 0
27344 1 0
29701 1 0
48252 1 0
27039 1 0
30508 1 0
35097 1 0
42168 1 0
23312 1 0
28026 1 0
53953 1 0
26 0 0
33293 1 0
23 0 0
29469 1 0
43611 1 0
26523 1 0
40665 1 0
12381 1 0
67649 1 0
29937 1 0
51150 1 0
60989 1 0
38616 1 0
48790 1 0
33203 1 0
23775 1 0
29178 1 0
38606 1 0
45677 1 0
30843 1 0
19058 1 0
202 2 0
46369 1 0
33675 1 0
8240 1 0
60094 1 0
52600 1 0
13785 1 0
53854 1 0
36460 1 0
12890 1 0
8176 1 0
25370 1 0
30084 1 0
4157 1 0
53654 1 0
57737 1 0
32302 1 0
44087 1 0
141 0 0
62205 1 0
43349 1 0
15065 1 0
58322 1 0
20610 1 0
41823 1 0
38354 1 0
48335 1 0
42315 1 0
6960 1 0
28031 1 0
54210 1 0
34112 1 0
60039 1 0
17613 1 0
27787 1 0
18359 1 0
59614 1 0
37434 1 0
27453 1 0
10422 1 0
19850 1 0
29831 1 0
22760 1 0
37891 1 0
14321 1 0
60899 1 0
22084 1 0
21951 1 0
66734 1 0
12063 1 0
61853 1 0
26365 1 0
30801 1 0
42586 1 0
21373 1 0
24816 1 0
17745 1 0
38958 1 0
28027 1 0
30245 1 0
20817 1 0
92 0 0
63731 1 0
23035 1 0
54087 1 0
55451 1 0
29524 1 0
20096 1 0
1 0 0
4437 1 0
51577 1 0
53815 1 0
23293 1 0
70714 1 0
4 0 0
38819 1 0
37139 1 0
65423 1 0
15518 1 0
8572 1 0
53355 1 0
39624 1 0
4269 1 0
55283 1 0
30223 1 0
72649 1 0
65709 1 0
20926 1 0
34123 1 0
38559 1 0
22060 1 0
48075 1 0
31576 1 0
19791 1 0
55465 1 0
24824 1 0
7080 1 0
21497 1 0
151 0 0
21364 1 0
51307 1 0
29127 1 0
66839 1 0
66026 1 0
35639 1 0
30 0 0
63669 1 0
21243 1 0
42456 1 0
21101 1 0
28172 1 0
31477 1 0
13463 1 0
62960 1 0
46461 1 0
161 0 0
7232 1 0
11946 1 0
36845 1 0
11559 1 0
37486 1 0
20998 1 0
40346 1 0
70658 1 0
44731 1 0
33446 1 0
31089 1 0
48180 1 0
59965 1 0
10474 1 0
19873 1 0
55482 1 0
43697 1 0
64910 1 0
5511 1 0
14888 1 0
30149 1 0
67401 1 0
53758 1 0
8721 1 0
44330 1 0
23522 1 0
32950 1 0
169 2 0
21639 1 0
31813 1 0
36900 1 0
47074 1 0
4883 1 0
65927 1 0
19177 1 0
23891 1 0
11971 1 0
66317 1 0
186 2 0
20843 1 0
65015 1 0
9058 1 0
52573 1 0
12649 1 0
7055 1 0
68099 1 0
35101 1 0
23676 1 0
8150 1 0
66649 1 0
109 0 0
45578 1 0
4882 1 0
55896 1 0
8175 1 0
29388 1 0
62386 1 0
11305 1 0
26566 1 0
1131 1 0
60029 1 0
24420 1 0
42726 1 0
59225 1 0
27957 1 0
42099 1 0
54511 1 0
13815 1 0
36829 1 0
67470 1 0
36948 1 0
22338 1 0
32512 1 0
68494 1 0
27798 1 0
32885 1 0
35429 1 0
59247 1 0
38034 1 0
21780 1 0
36664 1 0
69662 1 0
66030 1 0
34 0 0
56602 1 0
37746 1 0
30040 1 0
20612 1 0
55524 1 0
40517 1 0
20169 1 0
25509 1 0
74 0 0
61118 1 0
13978 1 0
21125 1 0
47052 1 0
54 0 0
29484 1 0
30967 1 0
26253 1 0
26117 1 0
190 2 0
38335 1 0
59480 1 0
31196 1 0
25101 1 0
27458 1 0
37504 1 0
48816 1 0
65002 1 0
29393 1 0
49355 1 0
72925 1 0
47021 1 0
74746 1 0
66551 1 0
51290 1 0
53647 1 0
74775 1 0
9618 1 0
40140 1 0
20564 1 0
216 1 0
70061 1 0
49713 1 0
56776 1 0
208 2 0
37920 1 0
53609 1 0
22968 1 0
4991 1 0
25339 1 0
37124 1 0
32410 1 0
42584 1 0
50154 1 0
14172 1 0
9085 1 0
54868 1 0
40353 1 0
45440 1 0
49064 1 0
67920 1 0
8363 1 0
40992 1 0
51166 1 0
29953 1 0
37024 1 0
21763 1 0
62361 1 0
36926 1 0
65210 1 0
38035 1 0
7394 1 0
26250 1 0
12108 1 0
68065 1 0
65708 1 0
28743 1 0
34288 1 0
64929 1 0
4337 1 0
27907 1 0
44406 1 0
23221 1 0
58576 1 0
48648 1 0
74575 1 0
34506 1 0
33996 1 0
12783 1 0
53188 1 0
6610 1 0
11308 1 0
52496 1 0
37235 1 0
44733 1 0
72386 1 0
46951 1 0
75235 1 0
54968 1 0
67045 1 0
17701 1 0
34200 1 0
17752 1 0
8324 1 0
10681 1 0
45156 1 0
29630 1 0
64116 1 0
23420 1 0
51704 1 0
28247 1 0
34601 1 0
60036 1 0
17716 1 0
49623 1 0
126 0 0
18982 1 0
44259 1 0
37188 1 0
19914 1 0
63121 1 0
37194 1 0
51336 1 0
30358 1 0
35072 1 0
32088 1 0
72784 1 0
61410 1 0
47268 1 0
53922 1 0
38433 1 0
21121 1 0
25835 1 0
23339 1 0
39957 1 0
70479 1 0
11416 1 0
34986 1 0
18487 1 0
38580 1 0
48008 1 0
62925 1 0
51140 1 0
22856 1 0
33030 1 0
1692 1 0
65331 1 0
53546 1 0
60617 1 0
75878 1 0
37197 1 0
57545 1 0
44237 1 0
38013 1 0
47441 1 0
45125 1 0
50212 1 0
38427 1 0
53688 1 0
60439 1 0
52533 1 0
47819 1 0
71389 1 0
171 2 0
52 0 0
54263 1 0
51906 1 0
143 0 0
49515 1 0
18 0 0
54337 1 0
64511 1 0
12657 1 0
67295 1 0
5126 1 0
39 0 0
46943 1 0
68156 1 0
26981 1 0
38620 1 0
33906 1 0
4757 1 0
37755 1 0
43 0 0
66174 1 0
36126 1 0
57339 1 0
21632 1 0
67415 1 0
43472 1 0
48559 1 0
94 0 0
21307 1 0
73161 1 0
34297 1 0
44471 1 0
111 0 0
67107 1 0
21324 1 0
52376 1 0
37959 1 0
46071 1 0
29055 1 0
34142 1 0
3305 1 0
27650 1 0
58291 1 0
64122 1 0
23609 1 0
33783 1 0
33606 1 0
36933 1 0
115 0 0
51129 1 0
29170 1 0
39344 1 0
74699 1 0
54549 1 0
42897 1 0
19327 1 0
65110 1 0
27398 1 0
20599 1 0
60668 1 0
29740 1 0
70436 1 0
205 2 0
15466 1 0
53178 1 0
17823 1 0
62606 1 0
60935 1 0
65632 1 0
39705 1 0
47888 1 0
26165 1 0
14380 1 0
29641 1 0
29778 1 0
55264 1 0
16449 1 0
46971 1 0
31710 1 0
23947 1 0
47269 1 0
62517 1 0
8306 1 0
10394 1 0
69678 1 0
13721 1 0
33 0 0
61315 1 0
8074 1 0
29287 1 0
20375 1 0
27 0 0
68261 1 0
37739 1 0
34779 1 0
22994 1 0
25907 1 0
53811 1 0
8028 1 0
24673 1 0
55195 1 0
16483 1 0
52092 1 0
62266 1 0
24287 1 0
75157 1 0
29638 1 0
24182 1 0
59068 1 0
3111 1 0
52608 1 0
74087 1 0
53739 1 0
23098 1 0
72595 1 0
51524 1 0
35074 1 0
32717 1 0
56601 1 0
66775 1 0
64418 1 0
73267 1 0
200 2 0
18332 1 0
8158 1 0
64105 1 0
2 0 0
30643 1 0
121 0 0
48380 1 0
33119 1 0
21334 1 0
12107 1 0
68064 1 0
27368 1 0
68401 1 0
51902 1 0
48 0 0
134 0 0
30430 1 0
48174 1 0
17983 1 0
22697 1 0
19726 1 0
10298 1 0
124 0 0
35479 1 0
6834 1 0
29512 1 0
65759 1 0
14889 1 0
59870 1 0
26125 1 0
198 2 0
51618 1 0
9192 1 0
20127 1 0
35388 1 0
30301 1 0
19136 1 0
22991 1 0
48269 1 0
52983 1 0
47204 1 0
30586 1 0
64 0 0
26783 1 0
2503 1 0
146 0 0
66277 1 0
62190 1 0
21494 1 0
58703 1 0
9206 1 0
37589 1 0
19724 1 0
60420 1 0
27844 1 0
39629 1 0
13372 1 0
46370 1 0
9059 1 0
19233 1 0
44668 1 0
26742 1 0
33813 1 0
76046 1 0
55582 1 0
36726 1 0
35342 1 0
9415 1 0
106 0 0
30628 1 0
68890 1 0
152 0 0
58585 1 0
33150 1 0
34001 1 0
3479 1 0
61912 1 0
36477 1 0
64653 1 0
24584 1 0
21786 1 0
31214 1 0
58903 1 0
59444 1 0
24089 1 0
26443 1 0
73882 1 0
63708 1 0
35678 1 0
69 0 0
250 1 0
74867 1 0
29084 1 0
21328 1 0
26415 1 0
22628 1 0
60594 1 0
24985 1 0
74482 1 0
42453 1 0
27192 1 0
26219 1 0
26835 1 0
57357 1 0
65223 1 0
59413 1 0
44152 1 0
74376 1 0
48941 1 0
55592 1 0
29910 1 0
32267 1 0
26643 1 0
25076 1 0
19989 1 0
14027 1 0
24201 1 0
35986 1 0
53928 1 0
28493 1 0
209 2 0
20919 1 0
29186 1 0
74996 1 0
53845 1 0
8062 1 0
52845 1 0
31632 1 0
12776 1 0
49131 1 0
74566 1 0
14950 1 0
38520 1 0
10782 1 0
51478 1 0
27908 1 0
13660 1 0
8573 1 0
27429 1 0
8080 1 0
22497 1 0
14232 1 0
15883 1 0
46524 1 0
37749 1 0
37 0 0
52297 1 0
26370 1 0
51188 1 0
4663 1 0
12309 1 0
32758 1 0
11687 1 0
21115 1 0
52502 1 0
42328 1 0
8046 1 0
53829 1 0
27101 1 0
67170 1 0
30664 1 0
142 0 0
61678 1 0
24218 1 0
8957 1 0
33646 1 0
18385 1 0
20547 1 0
199 2 0
54410 1 0
73711 1 0
5173 1 0
30608 1 0
86 0 0
45555 1 0
23712 1 0
64408 1 0
25663 1 0
6807 1 0
70398 1 0
9354 1 0
26500 1 0
36674 1 0
2537 1 0
180 2 0
34207 1 0
67935 1 0
73022 1 0
57270 1 0
67444 1 0
59537 1 0
8667 1 0
9776 1 0
68434 1 0
81 0 0
74926 1 0
1859 1 0
18358 1 0
53713 1 0
42466 1 0
40 0 0
21261 1 0
61957 1 0
210 2 0
54421 1 0
3444 1 0
49227 1 0
65726 1 0
55395 1 0
38896 1 0
76096 1 0
51479 1 0
67978 1 0
55421 1 0
50707 1 0
57778 1 0
67714 1 0
25288 1 0
100 0 0
52223 1 0
26296 1 0
37995 1 0
50794 1 0
39961 1 0
23167 1 0
65593 1 0
30238 1 0
34952 1 0
52240 1 0
40455 1 0
4748 1 0
60705 1 0
22993 1 0
52854 1 0
52481 1 0
57568 1 0
7951 1 0
55091 1 0
33878 1 0
32914 1 0
38001 1 0
21254 1 0
41 0 0
23726 1 0
52010 1 0
36072 1 0
20811 1 0
70598 1 0
34989 1 0
55337 1 0
10512 1 0
30590 1 0
68 0 0
5570 1 0
10657 1 0
27156 1 0
37238 1 0
65522 1 0
25200 1 0
75065 1 0
46781 1 0
61844 1 0
54773 1 0
33149 1 0
28062 1 0
38236 1 0
7714 1 0
30419 1 0
10071 1 0
24259 1 0
54781 1 0
68923 1 0
61852 1 0
42314 1 0
37227 1 0
90 0 0
25525 1 0
20438 1 0
70562 1 0
29866 1 0
74448 1 0
13404 1 0
20444 1 0
96 0 0
34586 1 0
14238 1 0
6187 1 0
37239 1 0
13669 1 0
21399 1 0
36660 1 0
69930 1 0
46852 1 0
72287 1 0
42718 1 0
32544 1 0
46961 1 0
70057 1 0
59897 1 0
74314 1 0
57489 1 0
42048 1 0
60442 1 0
38862 1 0
71265 1 0
47 0 0
4747 1 0
45443 1 0
31026 1 0
40056 1 0
29882 1 0
42650 1 0
34887 1 0
61503 1 0
27313 1 0
46166 1 0
56340 1 0
60874 1 0
36741 1 0
52002 1 0
31038 1 0
45199 1 0
55373 1 0
12198 1 0
26340 1 0
24590 1 0
14416 1 0
26615 1 0
59610 1 0
17184 1 0
35091 1 0
70700 1 0
59707 1 0
8837 1 0
13924 1 0
15129 1 0
47797 1 0
27449 1 0
22362 1 0
144 0 0
66275 1 0
25579 1 0
46792 1 0
43394 1 0
10124 1 0
35559 1 0
49325 1 0
54412 1 0
56517 1 0
560 1 0
31201 1 0
28844 1 0
35915 1 0
59844 1 0
3887 1 0
13315 1 0
69883 1 0
47138 1 0
21592 1 0
65991 1 0
20208 1 0
6066 1 0
36588 1 0
10661 1 0
45576 1 0
10281 1 0
107 0 0
11488 1 0
65299 1 0
34777 1 0
66938 1 0
56642 1 0
36294 1 0
38651 1 0
31580 1 0
105 0 0
11890 1 0
35460 1 0
49602 1 0
29254 1 0
24818 1 0
38675 1 0
31601 1 0
23452 1 0
43800 1 0
55587 1 0
65761 1 0
46905 1 0
2574 1 0
12748 1 0
73792 1 0
10579 1 0
137 0 0
42190 1 0
26929 1 0
47277 1 0
8565 1 0
54348 1 0
33407 1 0
31382 1 0
860 1 0
193 2 0
23763 1 0
128 0 0
61172 1 0
47317 1 0
28867 1 0
12368 1 0
38848 1 0
42070 1 0
62418 1 0
67682 1 0
177 2 0
51047 1 0
33303 1 0
32089 1 0
47350 1 0
52437 1 0
72785 1 0
9146 1 0
32750 1 0
29423 1 0
203 2 0
45841 1 0
25493 1 0
61102 1 0
58 0 0
45551 1 0
45672 1 0
10063 1 0
41501 1 0
22645 1 0
72553 1 0
8878 1 0
54661 1 0
46626 1 0
51713 1 0
22228 1 0
7811 1 0
61054 1 0
10 0 0
5146 1 0
59 0 0
42137 1 0
67572 1 0
37050 1 0
34157 1 0
53926 1 0
64100 1 0
37026 1 0
72635 1 0
31939 1 0
37147 1 0
72756 1 0
67773 1 0
34775 1 0
30061 1 0
38929 1 0
13494 1 0
62290 1 0
9594 1 0
7237 1 0
23736 1 0
166 2 0
47887 1 0
12278 1 0
7 0 0
34458 1 0
59893 1 0
54806 1 0
37752 1 0
32665 1 0
58028 1 0
32593 1 0
12245 1 0
46 0 0
71264 1 0
71909 1 0
20051 1 0
35312 1 0
55660 1 0
31262 1 0
16745 1 0
28097 1 0
18452 1 0
61703 1 0
48395 1 0
31090 1 0
182 2 0
51052 1 0
29981 1 0
72407 1 0
66082 1 0
55908 1 0
22407 1 0
2059 1 0
45719 1 0
20284 1 0
129 0 0
71347 1 0
10303 1 0
26688 1 0
47036 1 0
53690 1 0
31245 1 0
26158 1 0
41684 1 0
1893 1 0
52763 1 0
64360 1 0
8403 1 0
51337 1 0
60765 1 0
53218 1 0
12522 1 0
1456 1 0
21804 1 0
6543 1 0
27756 1 0
27421 1 0
68117 1 0
47769 1 0
37595 1 0
38704 1 0
31280 1 0
36367 1 0
11462 1 0
67419 1 0
54881 1 0
30224 1 0
28903 1 0
26818 1 0
20633 1 0
30807 1 0
66416 1 0
59762 1 0
62173 1 0
51999 1 0
9 0 0
10183 1 0
65754 1 0
30145 1 0
34980 1 0
70589 1 0
51603 1 0
31255 1 0
61777 1 0
31834 1 0
24204 1 0
34450 1 0
39537 1 0
49711 1 0
14356 1 0
73281 1 0
2571 1 0
18924 1 0
34185 1 0
40426 1 0
34422 1 0
54770 1 0
14074 1 0
35287 1 0
7045 1 0
52828 1 0
61700 1 0
73393 1 0
27610 1 0
47958 1 0
37784 1 0
46005 1 0
66353 1 0
51092 1 0
78 0 0
27159 1 0
73879 1 0
61873 1 0
51699 1 0
21231 1 0
67014 1 0
43532 1 0
58793 1 0
61060 1 0
71234 1 0
16 0 0
41049 1 0
25523 1 0
20436 1 0
88 0 0
44376 1 0
18941 1 0
38780 1 0
33693 1 0
54694 1 0
24172 1 0
22147 1 0
11973 1 0
62843 1 0
39061 1 0
67345 1 0
64568 1 0
43497 1 0
60618 1 0
24021 1 0
34919 1 0
19658 1 0
74120 1 0
53772 1 0
13076 1 0
41360 1 0
39211 1 0
59559 1 0
8689 1 0
51341 1 0
13 0 0
45796 1 0
64920 1 0
16416 1 0
75341 1 0
23487 1 0
51169 1 0
53230 1 0
12534 1 0
59674 1 0
32010 1 0
33796 1 0
8289 1 0
74285 1 0
64857 1 0
14407 1 0
69857 1 0
56704 1 0
40205 1 0
34564 1 0
3222 1 0
72470 1 0
11188 1 0
87 0 0
29158 1 0
47129 1 0
18431 1 0
40017 1 0
34930 1 0
24756 1 0
27113 1 0
52056 1 0
1186 1 0
53134 1 0
56437 1 0
1446 1 0
65085 1 0
26116 1 0
7260 1 0
69885 1 0
8890 1 0
52347 1 0
26912 1 0
61775 1 0
36340 1 0
50482 1 0
33091 1 0
47233 1 0
36604 1 0
25311 1 0
50746 1 0
8144 1 0
38785 1 0
29357 1 0
20217 1 0
49972 1 0
53184 1 0
55402 1 0
21263 1 0
50 0 0
39336 1 0
44050 1 0
66137 1 0
6 0 0
35361 1 0
15455 1 0
194 2 0
49066 1 0
37400 1 0
67922 1 0
21353 1 0
67590 1 0
60519 1 0
15467 1 0
30728 1 0
206 2 0
38756 1 0
24431 1 0
26042 1 0
5694 1 0
36216 1 0
32356 1 0
195 2 0
33997 1 0
29283 1 0
46897 1 0
4471 1 0
25430 1 0
61039 1 0
45778 1 0
45098 1 0
6283 1 0
62206 1 0
31565 1 0
29208 1 0
39042 1 0
3433 1 0
10504 1 0
74143 1 0
31717 1 0
17321 1 0
29106 1 0
48216 1 0
12607 1 0
15246 1 0
25420 1 0
32491 1 0
67846 1 0
6485 1 0
19627 1 0
65410 1 0
9731 1 0
52157 1 0
40372 1 0
61585 1 0
73797 1 0
22984 1 0
12810 1 0
57593 1 0
23630 1 0
25495 1 0
60 0 0
62041 1 0
64347 1 0
61990 1 0
25 0 0
39740 1 0
5028 1 0
2062 1 0
53916 1 0
24784 1 0
51084 1 0
45997 1 0
27450 1 0
67519 1 0
65205 1 0
4161 1 0
27027 1 0
54347 1 0
13651 1 0
29177 1 0
43319 1 0
12678 1 0
54684 1 0
71810 1 0
31114 1 0
37768 1 0
62 0 0
20620 1 0
51261 1 0
71883 1 0
24743 1 0
23062 1 0
44275 1 0
1849 1 0
133 0 0
59058 1 0
23413 1 0
30484 1 0
20086 1 0
19565 1 0
66705 1 0
60343 1 0
6132 1 0
68041 1 0
27345 1 0
43844 1 0
31259 1 0
207 2 0
22929 1 0
50399 1 0
75834 1 0
30051 1 0
68282 1 0
25856 1 0
47069 1 0
140 0 0
51010 1 0
67302 1 0
50803 1 0
39295 1 0
38294 1 0
66837 1 0
22054 1 0
25153 1 0
30240 1 0
23169 1 0
28866 1 0
13605 1 0
4177 1 0
18811 1 0
8637 1 0
44246 1 0
116 0 0
16751 1 0
27817 1 0
8961 1 0
45554 1 0
60815 1 0
43196 1 0
33768 1 0
3127 1 0
68350 1 0
61279 1 0
67453 1 0
47491 1 0
29083 1 0
67494 1 0
29782 1 0
33231 1 0
67610 1 0
43212 1 0
17777 1 0
62560 1 0
3670 1 0
64714 1 0
67146 1 0
62059 1 0
24883 1 0
60492 1 0
38787 1 0
13352 1 0
64559 1 0
237 1 0
35592 1 0
62004 1 0
21308 1 0
36834 1 0
26660 1 0
51332 1 0
46618 1 0
60335 1 0
27337 1 0
36765 1 0
44646 1 0
32861 1 0
61818 1 0
45319 1 0
51114 1 0
30766 1 0
125 0 0
56693 1 0
74017 1 0
53669 1 0
7091 1 0
23590 1 0
20 0 0
51943 1 0
21302 1 0
89 0 0
46831 1 0
64479 1 0
63987 1 0
38552 1 0
21790 1 0
17076 1 0
52685 1 0
70055 1 0
30678 1 0
156 0 0
71374 1 0
33662 1 0
4734 1 0
9821 1 0
45 0 0
28329 1 0
66041 1 0
50780 1 0
33864 1 0
73933 1 0
2715 1 0
197 2 0
5742 1 0
55239 1 0
47948 1 0
27600 1 0
8252 1 0
24378 1 0
29465 1 0
68457 1 0
104 0 0
66806 1 0
9119 1 0
24380 1 0
33195 1 0
53543 1 0
54652 1 0
60197 1 0
12528 1 0
64772 1 0
29163 1 0
27694 1 0
32781 1 0
37495 1 0
21837 1 0
14766 1 0
65636 1 0
43185 1 0
27924 1 0
12663 1 0
47646 1 0
28790 1 0
157 0 0
63796 1 0
33737 1 0
50091 1 0
73661 1 0
17704 1 0
29489 1 0
32090 1 0
47351 1 0
211 2 0
29241 1 0
19067 1 0
66204 1 0
73 0 0
51787 1 0
47241 1 0
101 0 0
35063 1 0
20921 1 0
41312 1 0
31850 1 0
62372 1 0
53500 1 0
20003 1 0
60072 1 0
68799 1 0
17929 1 0
185 2 0
12384 1 0
26991 1 0
4286 1 0
24634 1 0
54312 1 0
18703 1 0
57132 1 0
7635 1 0
38197 1 0
110 0 0
33108 1 0
14625 1 0
9538 1 0
19436 1 0
25387 1 0
65220 1 0
54021 1 0
12426 1 0
24211 1 0
66637 1 0
175 2 0
10156 1 0
29132 1 0
5562 1 0
18683 1 0
54074 1 0
33726 1 0
23552 1 0
32749 1 0
50710 1 0
21561 1 0
1213 1 0
27723 1 0
37709 1 0
47883 1 0
27535 1 0
69961 1 0
40544 1 0
65979 1 0
46452 1 0
669 1 0
31310 1 0
31721 1 0
35042 1 0
13856 1 0
34204 1 0
1206 1 0
16467 1 0
72754 1 0
57493 1 0
52515 1 0
13700 1 0
36635 1 0
46809 1 0
16226 1 0
33471 1 0
23297 1 0
131 0 0
42557 1 0
61667 1 0
26058 1 0
18780 1 0
61206 1 0
162 0 0
55119 1 0
44945 1 0
26543 1 0
31189 1 0
37681 1 0
47109 1 0
43322 1 0
38489 1 0
7967 1 0
33894 1 0
65455 1 0
70542 1 0
68185 1 0
63335 1 0
56637 1 0
51550 1 0
27275 1 0
3705 1 0
5368 1 0
160 0 0
40856 1 0
74398 1 0
34329 1 0
8402 1 0
53851 1 0
33503 1 0
12290 1 0
19360 1 0
29391 1 0
54826 1 0
37070 1 0
72679 1 0
22928 1 0
58537 1 0
66583 1 0
21800 1 0
68747 1 0
73825 1 0
7456 1 0
12543 1 0
51207 1 0
46493 1 0
32351 1 0
32719 1 0
32055 1 0
28602 1 0
26737 1 0
52172 1 0
54869 1 0
67118 1 0
21335 1 0
4836 1 0
122 0 0
68475 1 0
44605 1 0
70532 1 0
56 0 0
20404 1 0
26475 1 0
72258 1 0
22761 1 0
19231 1 0
23945 1 0
54528 1 0
56885 1 0
71027 1 0
26252 1 0
61607 1 0
20254 1 0
8469 1 0
7074 1 0
63642 1 0
23573 1 0
57387 1 0
5533 1 0
61715 1 0
7720 1 0
66645 1 0
5363 1 0
52277 1 0
38135 1 0
31064 1 0
21709 1 0
18209 1 0
53818 1 0
34965 1 0
64179 1 0
54751 1 0
62086 1 0
5210 1 0
123 0 0
38208 1 0
33121 1 0
10419 1 0
66376 1 0
22339 1 0
12165 1 0
67694 1 0
30958 1 0
5523 1 0
61599 1 0
36164 1 0
26736 1 0
45708 1 0
25360 1 0
7330 1 0
9229 1 0
6872 1 0
36820 1 0
41534 1 0
58786 1 0
52972 1 0
17617 1 0
64187 1 0
18404 1 0
37260 1 0
26616 1 0
62225 1 0
71174 1 0
19 0 0
56587 1 0
42445 1 0
7782 1 0
24567 1 0
57565 1 0
19888 1 0
52886 1 0
3783 1 0
34305 1 0
22405 1 0
37931 1 0
54430 1 0
14506 1 0
66406 1 0
51145 1 0
24529 1 0
64598 1 0
34076 1 0
21110 1 0
56465 1 0
34139 1 0
17640 1 0
28434 1 0
62324 1 0
64681 1 0
59967 1 0
23747 1 0
3399 1 0
4833 1 0
42593 1 0
167 2 0
35431 1 0
47216 1 0
76 0 0
44859 1 0
57021 1 0
54664 1 0
75877 1 0
26342 1 0
40459 1 0
1641 1 0
6865 1 0
15547 1 0
30808 1 0
25721 1 0
39026 1 0
36669 1 0
59871 1 0
66525 1 0
40598 1 0
37952 1 0
21453 1 0
52369 1 0
35870 1 0
4537 1 0
53288 1 0
39146 1 0
44606 1 0
34432 1 0
58698 1 0
31160 1 0
20986 1 0
36406 1 0
10479 1 0
7551 1 0
49977 1 0
52454 1 0
12385 1 0
16696 1 0
26870 1 0
67566 1 0
74145 1 0
48710 1 0
1838 1 0
43891 1 0
64239 1 0
48978 1 0
23809 1 0
4333 1 0
60901 1 0
11366 1 0
5 0 0
31105 1 0
26018 1 0
91 0 0
63730 1 0
11876 1 0
20322 1 0
29750 1 0
17965 1 0
73793 1 0
66722 1 0
34028 1 0
12442 1 0
17529 1 0
5404 1 0
7880 1 0
38402 1 0
11561 1 0
58701 1 0
20497 1 0
149 0 0
28433 1 0
46916 1 0
52003 1 0
30630 1 0
108 0 0
17562 1 0
75130 1 0
29347 1 0
29682 1 0
55117 1 0
73973 1 0
50403 1 0
40239 1 0
9598 1 0
36695 1 0
75285 1 0
24415 1 0
65206 1 0
75380 1 0
46546 1 0
52579 1 0
72927 1 0
67472 1 0
21689 1 0
23328 1 0
33502 1 0
53850 1 0
61638 1 0
33841 1 0
8406 1 0
23961 1 0
75815 1 0
55116 1 0
32936 1 0
45135 1 0
52289 1 0
11593 1 0
5076 1 0
7433 1 0
64001 1 0
56116 1 0
159 0 0
26086 1 0
38574 1 0
26830 1 0
64129 1 0
66486 1 0
45383 1 0
75905 1 0
22283 1 0
52805 1 0
75308 1 0
9930 1 0
38214 1 0
21715 1 0
47395 1 0
52482 1 0
38340 1 0
5342 1 0
10562 1 0
68059 1 0
7015 1 0
62972 1 0
40851 1 0
61199 1 0
155 0 0
33339 1 0
21300 1 0
56909 1 0
9167 1 0
11524 1 0
24012 1 0
37320 1 0
29138 1 0
40923 1 0
56505 1 0
24344 1 0
60838 1 0
39625 1 0
1059 1 0
6835 1 0
17009 1 0
38083 1 0
21 0 0
67748 1 0
6704 1 0
23203 1 0
49955 1 0
69917 1 0
21292 1 0
79 0 0
6733 1 0
32660 1 0
27242 1 0
54967 1 0
28932 1 0
39106 1 0
112 0 0
26077 1 0
31164 1 0
52377 1 0
50014 1 0
61799 1 0
12823 1 0
28035 1 0
7687 1 0
73818 1 0
36531 1 0
32373 1 0
65371 1 0
15216 1 0
12443 1 0
17530 1 0
41928 1 0
36841 1 0
26860 1 0
25751 1 0
24832 1 0
77 0 0
73735 1 0
44901 1 0
27571 1 0
74116 1 0
28333 1 0
61093 1 0
49 0 0
12698 1 0
23156 1 0
34391 1 0
41320 1 0
54105 1 0
71990 1 0
21120 1 0
170 2 0
15431 1 0
32939 1 0
23511 1 0
17508 1 0
42943 1 0
32769 1 0
12421 1 0
20754 1 0
67332 1 0
45151 1 0
42794 1 0
26684 1 0
6336 1 0
62172 1 0
22248 1 0
21139 1 0
791 1 0
26226 1 0
23521 1 0
25050 1 0
51772 1 0
16163 1 0
46106 1 0
18381 1 0
24419 1 0
41898 1 0
26637 1 0
7784 1 0
5427 1 0
27595 1 0
33431 1 0
43605 1 0
26970 1 0
22101 1 0
14826 1 0
38115 1 0
31461 1 0
28765 1 0
33852 1 0
18591 1 0
33116 1 0
28029 1 0
22070 1 0
27897 1 0
172 2 0
65603 1 0
19820 1 0
61814 1 0
71337 1 0
119 0 0
66250 1 0
24108 1 0
54749 1 0
27895 1 0
37867 1 0
42954 1 0
2258 1 0
56190 1 0
20581 1 0
25668 1 0
26180 1 0
75138 1 0
24268 1 0
3920 1 0
47579 1 0
61721 1 0
54923 1 0
4053 1 0
5957 1 0
11044 1 0
67464 1 0
46002 1 0
2172 1 0
27607 1 0
30934 1 0
23224 1 0
7963 1 0
52746 1 0
29246 1 0
39299 1 0
29125 1 0
69821 1 0
3690 1 0
11348 1 0
37182 1 0
68355 1 0
27659 1 0
32746 1 0
38291 1 0
66575 1 0
46227 1 0
33305 1 0
54232 1 0
3362 1 0
26645 1 0
69896 1 0
20377 1 0
30551 1 0
50899 1 0
29 0 0
35131 1 0
55479 1 0
48056 1 0
39184 1 0
32978 1 0
53326 1 0
48219 1 0
68567 1 0
43132 1 0
69849 1 0
13281 1 0
1496 1 0
24930 1 0
22201 1 0
57810 1 0
41565 1 0
5956 1 0
31194 1 0
10725 1 0
25986 1 0
66682 1 0
30687 1 0
165 2 0
3187 1 0
57528 1 0
11745 1 0
36457 1 0
97 0 0
44457 1 0
30811 1 0
35898 1 0
2078 1 0
37687 1 0
52948 1 0
18950 1 0
64733 1 0
14398 1 0
29659 1 0
60711 1 0
27158 1 0
55310 1 0
65484 1 0
53 0 0
51646 1 0
61820 1 0
21124 1 0
60077 1 0
191 2 0
25626 1 0
18555 1 0
37264 1 0
65548 1 0
74561 1 0
8430 1 0
52626 1 0
27191 1 0
52505 1 0
62679 1 0
39109 1 0
20253 1 0
16752 1 0
11665 1 0
68224 1 0
72737 1 0
26954 1 0
38739 1 0
33608 1 0
3588 1 0
44284 1 0
18367 1 0
68200 1 0
42765 1 0
12098 1 0
19169 1 0
37823 1 0
47997 1 0
27649 1 0
117 0 0
5276 1 0
189 2 0
61233 1 0
25624 1 0
23980 1 0
34154 1 0
40036 1 0
50210 1 0
70558 1 0
30181 1 0
73980 1 0
38371 1 0
30550 1 0
28 0 0
66024 1 0
40589 1 0
48098 1 0
5099 1 0
12 0 0
20249 1 0
40597 1 0
50771 1 0
60945 1 0
10075 1 0
65188 1 0
24492 1 0
9241 1 0
24502 1 0
27829 1 0
19945 1 0
55554 1 0
22824 1 0
10625 1 0
33914 1 0
18653 1 0
67449 1 0
65736 1 0
29842 1 0
65451 1 0
62420 1 0
32742 1 0
48003 1 0
30259 1 0
35346 1 0
6521 1 0
72652 1 0
60453 1 0
10822 1 0
66779 1 0
45073 1 0
68643 1 0
54501 1 0
56434 1 0
39162 1 0
58018 1 0
54685 1 0
61756 1 0
25851 1 0
51286 1 0
45956 1 0
173 2 0
63812 1 0
52463 1 0
10037 1 0
15124 1 0
36337 1 0
13353 1 0
33701 1 0
64172 1 0
54914 1 0
75262 1 0
37550 1 0
16337 1 0
62120 1 0
43264 1 0
66834 1 0
64353 1 0
31 0 0
41190 1 0
54498 1 0
42866 1 0
37234 1 0
34877 1 0
14849 1 0
61989 1 0
23880 1 0
30951 1 0
14944 1 0
40379 1 0
26814 1 0
25782 1 0
3593 1 0
24736 1 0
50171 1 0
66670 1 0
145 0 0
35754 1 0
60485 1 0
7253 1 0
32688 1 0
68043 1 0
21587 1 0
75798 1 0
37206 1 0
37655 1 0
4657 1 0
50639 1 0
31783 1 0
64781 1 0
60067 1 0
12927 1 0
75441 1 0
73084 1 0
44800 1 0
59439 1 0
11290 1 0
51359 1 0
11 0 0
54222 1 0
39078 1 0
41435 1 0
36721 1 0
61259 1 0
8589 1 0
66873 1 0
26804 1 0
26263 1 0
11391 1 0
5480 1 0
54231 1 0
64405 1 0
1930 1 0
58498 1 0
44081 1 0
179 2 0
30701 1 0
5266 1 0
61834 1 0
46008 1 0
9411 1 0
34846 1 0
57223 1 0
66651 1 0
35043 1 0
70652 1 0
34749 1 0
25321 1 0
9242 1 0
16313 1 0
56809 1 0
54452 1 0
30882 1 0
46507 1 0
6438 1 0
15866 1 0
3 0 0
66134 1 0
2158 1 0
7245 1 0
37886 1 0
58234 1 0
29950 1 0
60292 1 0
29651 1 0
5219 1 0
132 0 0
29908 1 0
70604 1 0
9560 1 0
44492 1 0
47849 1 0
2066 1 0
63110 1 0
13613 1 0
130 0 0
61412 1 0
12960 1 0
31816 1 0
67631 1 0
36990 1 0
65274 1 0
25425 1 0
70269 1 0
47072 1 0
41985 1 0
66383 1 0
14988 1 0
19702 1 0
55393 1 0
62464 1 0
196 2 0
45665 1 0
43067 1 0
37980 1 0
14691 1 0
54836 1 0
19481 1 0
42087 1 0
65657 1 0
53505 1 0
33181 1 0
183 2 0
56751 1 0
26570 1 0
62179 1 0
19499 1 0
9325 1 0
55108 1 0
71175 1 0
21305 1 0
26392 1 0
55649 1 0
38879 1 0
31188 1 0
42278 1 0
67713 1 0
52808 1 0
38120 1 0
15096 1 0
30357 1 0
13722 1 0
48040 1 0
55111 1 0
34732 1 0
10416 1 0
20590 1 0
11494 1 0
36929 1 0
8231 1 0
24730 1 0
13692 1 0
47501 1 0
17352 1 0
42787 1 0
32492 1 0
52840 1 0
44573 1 0
213 2 0
49710 1 0
114 0 0
54325 1 0
18584 1 0
61010 1 0
60518 1 0
35083 1 0
66071 1 0
75 0 0
35129 1 0
24955 1 0
32026 1 0
2570 1 0
38179 1 0
73883 1 0
70556 1 0
67229 1 0
21446 1 0
31620 1 0
6234 1 0
68143 1 0
27447 1 0
34386 1 0
60313 1 0
22601 1 0
20320 1 0
3821 1 0
40514 1 0
31086 1 0
52713 1 0
43285 1 0
51604 1 0
63762 1 0
53588 1 0
58675 1 0
30480 1 0
38923 1 0
99 0 0
67297 1 0
34299 1 0
41790 1 0
35136 1 0
34027 1 0
10457 1 0
72962 1 0
30820 1 0
25733 1 0
102 0 0
21315 1 0
66642 1 0
73713 1 0
23510 1 0
13336 1 0
conns 566
39 165 0.665252 1 5152
81 165 -0.363198 1 2138
129 165 -0.566417 1 1333
44 166 -0.465463 1 295
67 166 0.374425 1 2357
24 166 0.701984 1 1580
115 167 -0.229063 1 3146
121 167 -0.783691 1 4111
81 167 -0.266307 1 3965
121 168 1.28461 0 6884
106 168 0.92741 1 1704
153 168 0.207757 1 1097
96 169 -0.145324 1 6686
58 169 0.569003 1 5304
120 169 -0.851251 1 2366
9 170 -0.574254 1 4117
78 170 -0.20754 1 8024
159 170 -0.456089 1 6660
116 171 0.3434 1 5506
164 171 -0.188105 1 4198
64 171 -0.708186 1 2371
64 172 -0.879694 1 1350
9 172 -0.597678 1 314
59 172 0.722476 1 5097
23 173 0.748905 1 7275
65 173 -0.748676 0 2265
0 173 -0.491008 1 6991
72 174 -0.312087 1 2573
154 174 0.257215 1 319
125 174 -0.437421 1 1110
39 175 0.46064 1 7658
44 175 0.133442 1 6511
51 175 1.19528 1 3062
15 176 0.0389834 1 7358
163 176 -0.289304 1 1607
110 176 0.403711 1 1946
121 177 -0.294119 1 7599
114 177 0.0727519 1 184
76 177 -1.89805 1 7259
134 178 -0.314788 1 5312
39 178 -1.22725 1 39
64 178 -0.232405 1 6326
53 179 0.274524 1 7701
157 179 -1.0124 1 6364
6 179 0.835509 1 330
12 180 -0.619292 0 3599
157 180 -1.20035 1 1373
113 180 -0.609542 1 3984
104 181 -0.557445 0 4056
135 181 -0.241456 0 7795
151 181 1.35313 1 3601
147 182 0.71948 1 5106
146 182 0.580059 1 200
138 182 -0.302497 1 51
19 183 -0.487083 1 7887
104 183 0.272095 1 4059
81 183 -0.265922 0 7479
128 184 -0.694914 1 7246
157 184 -0.369696 1 3437
60 184 0.760869 1 5738
124 185 0.220182 1 2789
34 185 0.593111 1 1510
69 185 -0.790581 1 6197
119 186 0.205834 1 3351
14 186 -0.0832664 1 6239
142 186 -0.242145 1 1140
151 187 0.45926 1 6725
143 187 0.298673 1 1143
0 187 -0.465912 1 5970
132 188 -0.210608 1 4146
148 188 0.907577 1 629
162 188 0.197956 1 3847
5 189 -0.642319 0 1150
93 189 0.736884 1 3994
145 189 0.867626 1 6535
120 190 -0.0118446 1 3451
140 190 -0.252485 1 6368
115 190 0.600644 1 3452
3 191 0.608478 1 364
144 191 0.0751712 1 4572
101 191 0.0981144 1 1275
40 192 -0.552695 1 906
112 192 -0.271518 1 4235
84 192 -0.258709 1 5387
118 193 0.660669 1 4947
78 193 -0.0315839 0 1280
16 193 0.581189 1 5120
150 194 0.0154448 1 5796
112 194 -0.779431 0 4577
117 194 -0.216478 1 2315
126 195 0.984902 1 237
84 195 0.711271 0 4159
117 195 -0.74834 1 7461
34 196 -0.911837 1 1990
77 196 -0.872598 1 240
114 196 0.333847 1 4524
132 197 -0.621023 1 3546
159 197 -0.259454 1 8001
142 197 -0.629823 1 1043
6 198 -0.718708 1 1170
29 198 0.943926 1 7299
112 198 0.297461 1 7049
13 199 0.564317 1 4012
164 199 -0.159136 1 1541
77 199 1.11187 1 6248
113 200 -1.13844 1 929
7 200 -0.751704 1 526
71 200 -1.01476 1 1544
39 201 -0.369145 1 5181
17 201 -0.782465 1 1667
110 201 -0.612512 1 4322
161 202 -1.13786 1 5344
50 202 -0.319592 1 531
153 202 0.556513 1 257
0 203 -0.456379 1 8021
109 203 -0.538499 1 4397
87 203 0.667542 1 2440
60 204 0.302004 1 6346
68 204 -0.119548 1 118
99 204 -1.13885 1 6284
92 205 0.37037 1 6411
83 205 -0.279569 1 5492
162 205 -0.451981 1 7028
126 206 0.937042 1 7812
29 206 -0.807747 1 1315
151 206 -0.398113 1 3124
81 207 0.716566 1 6315
2 207 0.313452 1 6576
129 207 0.584176 1 3030
58 208 0.153968 1 6798
164 208 0.277505 1 6350
89 208 0.365314 1 1195
44 209 0.973557 1 133
124 209 -0.721889 1 5237
45 209 -0.519101 0 2124
4 210 -0.365098 1 280
15 210 0.138052 1 4788
108 210 -0.852272 1 5921
35 211 -0.815135 1 1326
39 211 -0.484108 1 4599
24 211 0.152093 1 6351
42 212 0.0310606 1 7517
125 212 0.516832 1 7255
84 212 -0.775226 1 4918
35 213 0.510547 1 3141
40 213 1.06245 1 7499
62 213 0.771426 1 1918
4 184 -0.370464 1 8879
164 669 -1.02094 1 9768
669 171 -1.29144 1 9769
114 1059 -0.0230026 1 11215
1059 177 0.511862 1 11216
7 178 -0.14254 1 11800
164 1213 -0.137821 1 11801
1213 199 -0.693321 1 11802
166 194 -1.05793 1 12011
250 168 -0.0114647 0 12861
16 178 -0.0727045 1 13426
164 2062 -0.972101 1 14944
2062 669 -0.262926 1 14945
130 205 -1.09286 1 15517
113 2574 0.149061 1 16846
2574 200 0.759453 1 16847
81 197 0.0500379 1 17394
2570 2158 1.04681 1 18249
101 180 0.684011 1 19561
42 3444 0.548292 1 20034
3444 212 -1.09495 1 20035
24 3690 -1.04143 1 20957
3690 211 -1.17009 1 20958
118 3957 0.0239269 1 22028
3957 193 -0.863981 1 22029
55 1062 -0.226472 1 22674
10 2066 -0.681663 1 23257
4748 2537 -0.299839 0 26151
115 5146 -0.64746 1 26590
5146 190 0.437251 1 26591
132 3639 -1.09403 1 26777
185 187 0.628888 1 26957
4 6217 -1.03677 1 30662
6217 210 0.617579 1 30663
212 4471 -0.369514 1 33377
4471 188 -0.528091 1 34162
13 7330 0.02529 1 34870
7330 199 -0.393999 1 34871
101 8074 -0.115694 1 37598
8074 180 0.456079 1 37599
59 8324 0.743117 1 38472
8324 172 -0.945456 0 38473
9 8408 0.190885 1 38779
8408 172 -0.759124 1 38780
39 8498 -1.14122 1 39157
8498 165 -0.448631 1 39158
84 8589 -0.88789 1 39515
8589 195 -0.0277491 1 39516
7720 4877 1.10245 1 40504
7967 175 0.00366018 1 40751
138 8957 0.33822 1 40849
8957 182 -0.795237 1 40850
8324 9335 0.255557 1 42271
9335 172 0.029177 1 42272
62 177 0.757605 1 43138
7330 5694 -0.351711 1 45713
185 10504 0.526335 1 46632
10504 187 0.545809 0 46633
117 10657 0.272361 1 47228
10657 195 0.174258 1 47229
203 7898 0.316319 1 47750
109 8072 1.47227 0 49308
9206 5742 -1.69664 1 49854
11 237 0.347847 1 49945
8498 11348 1.12773 1 49946
11348 165 -0.436816 1 49947
250 11524 -0.630938 1 50569
11524 168 -1.14586 1 50570
39 11644 0.256978 1 50998
11644 8498 -0.933845 1 50999
9229 10063 0.579167 1 51142
203 10625 0.1085 0 52985
62 12384 -0.358179 1 53792
12384 177 -0.979805 1 53793
132 12421 -0.573054 1 53945
12421 188 0.129779 1 53946
8408 13127 0.528226 1 56583
13127 172 0.468016 1 56584
18 192 -0.930126 1 56964
61 3443 0.698361 1 57939
8498 13924 0.67781 1 59488
13924 11348 -0.335619 0 59489
203 13978 0.985138 1 59688
13978 7898 -0.355947 1 59689
9335 14126 -0.641956 1 60261
14126 172 -0.976501 1 60262
1059 14579 0.276734 1 61969
14579 177 0.177295 1 61970
2078 4177 -0.502109 1 62092
71 14888 0.879828 1 63158
14888 200 -0.964062 1 63159
8363 8403 -0.727968 1 63798
1186 7687 0.07765 1 63993
7394 5099 0.508375 1 64430
14476 10422 0.109601 1 65689
8324 15547 0.368297 1 65690
15547 172 -1.11193 1 65691
4757 5742 0.335454 1 68141
2258 5480 1.30942 1 69051
60 16449 -0.444736 1 69052
16449 184 -0.16498 1 69053
4877 197 -0.537192 1 69860
1893 10512 1.35538 1 70121
181 7898 -0.0288669 1 70351
134 17184 0.585506 1 71840
17184 178 -0.099357 1 71841
8408 17540 0.272808 1 73201
17540 13127 -0.712879 1 73202
44 17752 -0.582841 1 74026
17752 166 -0.541285 1 74027
17540 18026 -0.0966653 1 75076
18026 13127 -0.125472 1 75077
3399 7085 1.18175 1 76032
132 18298 -0.293766 1 76092
18298 12421 -0.666426 1 76093
60 19067 -1.10187 1 78999
19067 204 0.846158 1 79000
1893 18950 -0.590631 1 81179
4802 2402 -0.332118 1 82034
18404 18028 0.366175 1 82219
11524 20320 -1.1883 1 83791
20320 168 -0.764278 1 83792
202 15466 -0.750352 1 84553
9538 16313 -0.127639 1 85867
14453 15129 -1.10726 1 86815
6 21308 -0.309913 1 87483
21308 198 0.113128 1 87484
4877 21592 -0.707723 1 88497
21592 197 0.0486099 1 88498
5511 12198 -0.334555 1 88725
115 21709 0.735957 1 88923
21709 5146 -0.383061 1 88924
15 21896 0.538998 1 89617
21896 176 0.277169 1 89618
7687 21261 -0.510287 1 91913
12384 22929 -0.381356 1 93591
22929 177 0.524861 1 93592
21951 5076 0.352207 1 94859
0 23339 0.64928 1 95152
23339 203 -0.0435269 1 95153
19878 7784 -0.878578 1 96177
13651 20127 0.307614 1 98258
3444 24204 0.29774 1 98435
24204 212 -0.104742 1 98436
19756 10422 0.162264 1 100220
121 24736 0.823017 1 100390
24736 167 -1.75346 1 100391
62 25153 0.823977 1 101952
25153 12384 -1.46779 0 101953
162 25288 1.77347 1 102446
25288 188 0.684411 1 102447
99 18009 0.461519 1 102843
5146 25523 0.198654 1 103380
25523 190 -0.410371 1 103381
188 20878 1.58818 1 106198
16 26645 0.309653 0 107504
26645 193 -1.03157 1 107505
15467 24883 0.546487 1 107744
4748 26742 0.461634 1 107891
26742 2537 -0.22072 1 107892
16449 17965 0.340191 1 109599
1213 171 -0.92261 1 109784
24420 1893 -0.665781 1 110363
39 27398 -1.19287 1 110316
27398 8498 -0.0320498 1 110317
0 28097 0.367694 1 112903
28097 187 0.833976 0 112904
14407 21125 -0.0720017 1 114282
119 13722 -1.03471 1 114404
18331 21324 0.215032 1 115871
14453 29008 -1.24982 1 116338
29008 15129 0.234839 1 116339
8408 29074 0.394121 1 116592
29074 13127 0.983998 1 116593
26443 14238 1.06327 1 117292
6217 29524 -0.378316 1 118288
29524 210 0.0160897 1 118289
122 6865 0.912394 1 118779
10416 9618 0.599346 1 120320
8589 9119 0.127093 1 121408
29347 27733 -0.58515 1 122518
8589 30967 -0.0474772 1 123647
30967 9119 0.00915456 1 123648
69 31245 -0.156597 1 124676
31245 185 -0.255853 1 124677
18026 31939 0.576891 1 127314
31939 13127 -0.0390174 0 127315
18359 18331 -0.0199395 1 127685
157 32293 -0.806327 1 128674
32293 180 0.739733 1 128675
6704 9058 -1.99887 0 129666
17321 26370 1.01166 1 131211
26250 7231 0.826395 1 131574
30259 9594 0.955211 1 132115
26737 29055 -0.408381 1 132302
60 33502 0.223991 1 133051
33502 204 0.346086 1 133052
162 33658 -0.339202 1 133628
33658 25288 0.975586 1 133629
25153 33693 0.480347 1 133764
33693 12384 -0.67594 1 133765
33119 12548 -0.459281 1 136117
83 34775 0.165918 1 137677
34775 205 0.310911 1 137678
39 34887 1.26743 1 138085
34887 175 -0.414959 0 138086
64 35388 0.128206 1 139926
35388 172 -0.269551 1 139927
8408 35479 0.216373 1 140273
35479 13127 0.0901031 1 140274
29163 18040 0.265367 1 143629
78 36821 0.742862 1 145307
36821 193 0.546761 1 145308
64 36874 0.802229 1 145531
36874 171 -0.672392 0 145532
16 37264 0.374391 1 146968
37264 193 0.216025 1 146969
8324 37589 -0.198094 1 148156
37589 9335 -0.406472 1 148157
24204 37746 -0.141956 1 148712
37746 212 -1.06208 1 148713
33997 22201 -0.484421 1 150272
2574 38291 0.145405 1 150755
38291 200 0.648977 0 150756
11348 38340 0.474316 0 150941
38340 165 -0.383043 1 150942
31658 29661 0.422111 1 152469
34887 38785 0.469692 1 152662
38785 175 -0.645906 1 152663
26737 24668 -0.197626 1 155520
151 40140 0.683897 1 157617
40140 181 -0.239678 1 157618
24172 10124 0.956 1 158405
34 40346 -0.625821 1 158406
40346 196 -0.408743 1 158407
32746 21585 0.764571 1 163523
36867 11391 0.537179 1 165318
2715 9206 0.859736 1 167421
21008 37264 0.971584 1 167644
16 42870 -0.582374 1 167712
42870 178 -0.0986952 1 167713
14453 42943 -0.746201 1 168002
42943 29008 0.423362 1 168003
33305 21632 -0.575374 1 169076
37435 36072 -0.998441 1 169634
78 44373 0.795209 1 173391
44373 36821 0.370355 1 173392
37264 44451 -0.804359 1 173666
44451 193 0.354032 1 173667
29357 40372 -0.72392 1 174807
30357 36995 -0.587529 1 175298
42918 4734 0.934193 1 176782
28903 10512 0.262641 1 177230
113 45796 0.695422 1 178484
45796 200 0.983056 1 178485
16 46111 -1.16069 0 179643
46111 42870 -0.979856 1 179644
38407 21152 -0.775905 0 180277
7260 27421 0.780312 1 180977
19169 27097 -0.838512 1 181155
32861 26870 0.0668462 0 182685
7074 29083 -0.241852 1 183647
29300 8878 0.664185 1 184417
44901 47241 0.314835 1 186562
3222 23726 -0.694374 1 187064
7260 48380 -0.348946 0 188106
48380 27421 -0.968759 1 188107
25835 38291 0.770967 1 188173
40851 28333 -0.229122 1 188490
24 48559 0.343462 1 188753
48559 211 -0.238993 1 188754
188 48648 0.288587 1 189088
48648 20878 0.757743 1 189089
8082 42557 0.922599 0 189339
17540 48790 -1.0913 0 189622
48790 13127 -0.128804 1 189623
4747 20208 -0.00631651 1 190646
45098 11559 0.396546 1 190873
78 49550 -0.585446 1 192387
49550 44373 0.660128 1 192388
0 49710 0.379115 1 192968
49710 173 -0.456142 1 192969
12380 32423 0.124165 1 196145
75 44605 -0.472319 1 196344
27817 22344 -0.145323 1 198891
33796 18950 0.340549 1 199165
4516 39344 0.784184 1 199475
34887 52685 0.278799 0 204201
52685 38785 -0.618174 1 204202
115 52763 -0.617661 1 204503
52763 5146 0.732765 1 204504
8408 52982 1.24923 1 205300
52982 13127 -0.842733 1 205301
39 53928 -0.31007 1 208771
53928 211 0.261285 1 208772
19878 54347 0.0293078 1 210282
54347 7784 0.959078 1 210283
11188 2715 0.114752 1 210636
18359 54999 0.902969 1 212670
54999 18331 -0.774329 1 212671
29922 19862 -0.962527 1 214364
25523 56116 0.524189 1 216840
56116 190 -0.184025 1 216841
19499 26018 0.456174 1 217523
104 56704 1.2667 1 219131
56704 181 0.217051 0 219132
31164 20169 -0.477644 1 222401
12384 57737 -0.737534 0 223036
57737 177 1.09795 1 223037
24736 33561 0.746022 1 223251
45956 54968 0.711522 1 224950
40140 58322 0.487757 1 225280
58322 181 0.948578 1 225281
24 58422 0.186628 0 225650
58422 3690 0.849257 0 225651
1893 58698 0.416573 0 226674
58698 10512 0.0371809 1 226675
18359 58786 -0.0130131 1 226990
58786 18331 0.913696 1 226991
27908 56116 0.607771 1 228418
15547 29641 -0.423233 0 229514
36660 2537 0.882504 1 230449
39295 1186 0.249039 1 232316
104 60335 -0.29783 1 232881
60335 56704 0.333364 1 232882
12380 60420 0.0768012 1 233201
60420 32423 -0.822606 1 233202
40140 60519 -1.06623 1 233556
60519 58322 -0.131258 1 233557
39295 60935 0.0221868 1 235080
60935 1186 -0.626166 1 235081
188 61102 -1.2177 1 235724
61102 48648 -0.63222 1 235725
27907 9192 0.779212 1 236487
46781 34986 0.953727 1 237377
29125 12698 -0.455837 1 237583
8324 61957 -0.154823 1 238899
61957 37589 0.0583691 1 238900
27728 53953 -0.357333 1 238992
45073 33950 0.605174 1 239945
18359 62266 -0.0868253 1 240091
62266 58786 0.475739 1 240092
27453 24715 -0.0145803 1 240518
23676 62041 1.22108 1 240752
50403 22994 -0.57696 1 242044
28765 26566 0.861615 1 242273
38574 21231 -0.0456038 1 242601
2062 3305 -0.740459 1 245119
29512 17505 -0.4638 1 245866
7260 63812 -1.26299 1 245968
63812 48380 0.14973 1 245969
30357 48003 0.796144 1 246216
50212 61721 -0.783563 1 247116
55239 22984 0.242785 1 247945
164 64405 -0.381903 1 248184
64405 171 -0.750244 1 248185
37124 27650 -0.241473 1 248547
8324 64920 1.03164 1 250099
64920 9335 0.766562 1 250100
22283 9192 0.1717 1 252549
33729 65305 0.0277299 1 253903
18380 167 -0.555722 1 254520
104 66204 0.716131 0 254850
66204 183 -0.516576 1 254851
18950 36340 -0.905486 1 255927
40372 53505 0.648823 1 256540
66486 48559 -0.854514 1 258327
44027 19407 0.252467 1 259192
33502 67597 0.379461 1 260080
67597 204 0.397224 1 260081
153 67636 1.21067 1 260232
67636 168 -0.32701 1 260233
33305 67773 0.27682 1 260735
67773 21632 0.409081 1 260736
61102 68799 -1.52471 1 264532
68799 48648 0.428343 1 264533
117 69662 -1.23411 1 267773
69662 195 0.378968 1 267774
89 669 -0.0230577 1 268680
22283 69961 0.539847 0 268802
69961 9192 -0.30427 1 268803
57373 51519 -0.330963 1 269506
78 70398 -0.42807 1 270539
70398 170 -1.35236 1 270540
33729 70479 -0.743436 1 270840
70479 65305 -0.170417 1 270841
39059 14453 0.698721 1 272020
25370 66137 0.371173 1 273800
14888 71265 -0.268642 1 273924
71265 200 -1.16437 1 273925
15216 165 1.12226 1 277896
110 72309 0.54299 1 277897
72309 201 -0.477153 1 277898
60420 72470 0.252489 1 278491
72470 32423 0.578319 1 278492
25721 1213 0.112362 1 278580
177 3306 -1.54523 1 278993
35342 17983 -1.02342 1 279774
12487 60872 -0.10889 1 281394
13924 73713 0.163504 1 283175
73713 11348 0.886902 1 283176
110 73849 0.0765839 1 283703
73849 201 0.0370183 1 283704
37823 25792 -0.617291 1 284163
6217 73973 -0.892009 1 284164
73973 210 0.144468 1 284165
18359 74285 -0.39465 1 285310
74285 54999 -0.357649 1 285311
37571 3767 -0.50777 1 285527
3821 42866 -0.705139 1 288098
45956 66670 0.235044 1 288632
1059 75341 -0.488626 1 289255
75341 14579 -0.95749 1 289256
5076 16745 0.356928 1 291452
5146 76013 -0.160258 1 291734
76013 25523 0.57217 1 291735
134 59480 0.552672 1 292504
33997 76305 -0.744447 1 292805
76305 22201 -1.48762 1 292806
